43.5972276;1.4560123
43.5975907;1.4560196
43.5975907;1.4560196
43.5977546;1.4559908
43.5979798;1.4559732
43.5984645;1.4559948
43.5987072;1.4560015
43.5987072;1.4560015
43.5985973;1.456274
43.5985973;1.456274
43.5975893;1.4562789
43.5965045;1.4562841
43.5952482;1.4562994
43.5948655;1.456353
43.5944092;1.4565252
43.5939918;1.4568417
43.5937384;1.4570999
43.5913377;1.4595465
43.5913377;1.4595465
43.5916553;1.4596365
43.5918765;1.4596772
43.5920472;1.459695
43.5918491;1.4604214
43.5918491;1.4604214
43.5919;1.4612616
43.5918731;1.4614596
43.5915967;1.4620469
43.5912948;1.4627357
43.5911918;1.4630636
43.5910184;1.4637122
43.5907534;1.4643922
43.5907534;1.4643922
43.590531;1.4652074
43.590332;1.4658199
43.590332;1.4658199
43.5904943;1.4658982
43.5907211;1.4660502
43.5910058;1.4662483
43.5915451;1.4666357
43.5916709;1.4667217
43.5916865;1.4667587
43.5916876;1.4668061
43.5914768;1.4675986
43.5913966;1.4680453
43.5913674;1.4682774
43.5913568;1.4684084
43.5913675;1.4685195
43.5913994;1.4686226
43.5914492;1.468739
43.5915096;1.4688283
43.5915096;1.4688283
43.5912791;1.4691261
43.5912791;1.4691261
43.5911341;1.469278
43.5911341;1.469278
43.5910112;1.4693946
43.5909133;1.4694898
43.5905753;1.4698159
43.5905753;1.4698159
43.5902988;1.4700926
43.5902988;1.4700926
43.590012;1.4704144
43.5895514;1.4710085
43.589313;1.4713316
43.5890772;1.4716198
43.5889304;1.4718125
43.588824;1.4719863
43.5885113;1.472494
43.5883667;1.4727051
43.5882207;1.4728758
43.5878282;1.4733
43.5874553;1.4736929
43.5872335;1.473925
43.5868897;1.47428
43.5867397;1.4744521
43.5865604;1.4746371
43.586389;1.4748151
43.5860381;1.4751697
43.5858034;1.4754036
43.5858034;1.4754036
43.5864569;1.4765056
43.5864569;1.4765056
43.5865091;1.4766005
43.5872855;1.4759638
43.5880076;1.4770299
43.5878177;1.4775035
43.5878177;1.4775035
43.5878548;1.4775156
43.5881344;1.4776065
43.5885255;1.4777289
43.5890154;1.4779298
43.5891867;1.4780245
43.5892256;1.478051
43.5892982;1.478117
43.5893402;1.4781831
43.5893707;1.4782834
43.5893773;1.4783487
43.5893867;1.4784236
43.5894039;1.4785244
43.5894039;1.4785244
43.5889811;1.4797354
43.5889811;1.4797354
43.5889863;1.4797678
43.5889781;1.4798087
43.5889726;1.4798361
43.588761;1.4808888
43.5886168;1.48165
43.5885795;1.4821403
43.5885366;1.4827869
43.5885294;1.4829009
43.5884937;1.483264
43.5884482;1.4836063
43.5883676;1.4840499
43.5882923;1.4844702
43.5882144;1.4848524
43.5881144;1.485249
43.5878633;1.4859713
43.5875637;1.4868408
43.5874536;1.4871825
43.5872897;1.4876559
43.5869948;1.4884016
43.5867749;1.4888647
43.5867342;1.4889781
43.5864509;1.4894507
43.5861894;1.4898906
43.5860673;1.4900658
43.5859865;1.4902828
43.5858105;1.4907568
43.585746;1.4909123
43.585746;1.4909123
43.585825;1.4910361
43.5859084;1.4912341
43.5859084;1.4912341
43.5856205;1.4914789
43.5853372;1.4917439
43.585211;1.4918289
43.5851087;1.4918816
43.5850065;1.4919244
43.5848929;1.4919768
43.5845693;1.4921873
43.5844878;1.4922494
43.5844878;1.4922494
43.5842965;1.4924646
43.5842965;1.4924646
43.5843041;1.4925623
43.584289;1.4926431
43.5842613;1.4927042
43.5842613;1.4927042
43.5843389;1.4928832
43.5843389;1.4928832
43.5847177;1.4940826
43.5848768;1.4945495
43.5848768;1.4945495
43.5849963;1.4948877
43.5849963;1.4948877
43.5851738;1.495307
43.5851738;1.495307
43.5842756;1.4956488
43.582502;1.4965934
43.5822152;1.4968298
43.5817236;1.4969626
43.5804488;1.5034957
43.580325;1.5038943
43.5797611;1.5047251
43.5797611;1.5047251
43.5784907;1.5071145
43.578029;1.5084471
43.5775229;1.5094996
43.5766447;1.5106734
43.5765845;1.5111001
43.5768057;1.5124813
43.5768377;1.5130036
43.5768377;1.5130036
43.5760097;1.5131872
43.5753582;1.5134298
43.5747455;1.5137004
43.5739498;1.5136339
43.5726337;1.5136326
43.57216;1.5133294
43.5719165;1.5137199
43.5717904;1.5137991
43.5710421;1.5134803
43.5706428;1.5147054
43.5701902;1.5153795
43.5693678;1.5151416
43.5693439;1.5151297
43.5684584;1.5143289
43.5681564;1.5144201
43.5681734;1.5148167
43.5660166;1.5141991
43.5648517;1.5138655
43.5638904;1.5132884
43.5619899;1.5113209
43.5606901;1.5096839
43.560432;1.5099972
43.5597772;1.5089901
43.5592957;1.5086
43.5575549;1.5062831
43.5575549;1.5062831
43.5564331;1.5047468
43.5558968;1.5041071
43.5554776;1.5033085
43.5553659;1.5034261
43.5548659;1.5025654
43.5538622;1.5006201
43.5535756;1.4992445
43.5535564;1.4985481
43.5534581;1.4985881
43.5534996;1.4972478
43.5535726;1.4959322
43.5535726;1.4959322
43.5536042;1.4945607
43.5536814;1.4945305
43.5534896;1.493096
43.5534896;1.493096
43.5533478;1.4920314
43.5530061;1.4917435
43.5531532;1.4915397
43.5534785;1.491098
43.553395;1.4910062
43.5533356;1.4898015
43.5533123;1.4893975
43.5531135;1.4891681
43.5534396;1.4885442
43.5529778;1.4879605
43.5535534;1.4868298
43.5529061;1.4859101
43.5535374;1.4849813
43.5537761;1.4846301
43.5540942;1.4838804
43.5539168;1.4836797
43.5542945;1.4823924
43.5547146;1.4809604
43.5552454;1.4808107
43.5558913;1.4804776
43.5565635;1.4800325
43.5574302;1.4792362
43.5573319;1.4774183
43.5566101;1.4750385
43.5560127;1.4742245
43.5552033;1.4725944
43.5551225;1.4724489
43.5550111;1.4723945
43.5546139;1.4720683
43.5540979;1.4716615
43.5540387;1.4716109
43.5538946;1.4714875
43.5533602;1.470634
43.5526633;1.4687272
43.5523634;1.4679879
43.5522054;1.4676006
43.5521734;1.4675284
43.5521402;1.46747
43.5520457;1.4672551
43.551486;1.4666415
43.5513689;1.4663836
43.5505385;1.4651885
43.5505369;1.4649854
43.5500745;1.4643438
43.5498836;1.4642305
43.5490531;1.4623945
43.5480195;1.4616162
43.5477085;1.4614369
43.5475444;1.461149
43.5469659;1.460964
43.5459752;1.461172
43.5448035;1.4612321
43.5445824;1.4612601
43.5445837;1.4614342
43.5443191;1.4618057
43.5441089;1.4619249
43.5434382;1.4616445
43.5435729;1.4599591
43.5431141;1.4588725
43.5432171;1.4585421
43.5428207;1.458248
43.5434525;1.4571357
43.5426735;1.4565183
43.542047;1.4558722
43.5420137;1.4558314
43.5417292;1.4554486
43.5407264;1.4546911
43.5399378;1.4549623
43.5384451;1.4566772
43.5375863;1.4575605
43.5356961;1.4588459
43.5349725;1.4590113
43.5349524;1.4591373
43.5331824;1.4605078
43.5329461;1.4608886
43.5328989;1.4611601
43.532654;1.4613378
43.532654;1.4613378
43.5328081;1.4603295
43.5335801;1.4582385
43.534336;1.4568054
43.5343668;1.4562342
43.5347002;1.4556682
43.5348819;1.4555011
43.5353269;1.4548174
43.5353323;1.4546045
43.5366387;1.4524667
43.536836;1.4515931
43.5367573;1.4514298
43.5374542;1.4505488
43.537567;1.4505762
43.5377466;1.4501479
43.537763;1.4495478
43.537991;1.4490027
43.5381239;1.448904
43.5381643;1.4486615
43.5384708;1.4482604
43.5384688;1.4480089
43.5390476;1.4464427
43.5389198;1.4462898
43.5392005;1.4461889
43.5393667;1.4458478
43.5395911;1.444848
43.5395553;1.4447808
43.5398514;1.4439541
43.5402922;1.4436186
43.5408608;1.4425459
43.5409562;1.4421478
43.5411443;1.4419032
43.5413277;1.4419585
43.5414527;1.4417534
43.5415066;1.441443
43.5414492;1.4413084
43.5415451;1.4409781
43.5417959;1.4407493
43.5417959;1.4407493
43.5418458;1.4407317
43.5420782;1.4407573
43.5422533;1.4406482
43.5424538;1.4401905
43.5424511;1.4398519
43.5425755;1.4395598
43.542566;1.4392504
43.5426348;1.4390558
43.5425129;1.4387674
43.5426162;1.4384853
43.5429584;1.4381512
43.5433042;1.4382718
43.5434986;1.4382576
43.5441343;1.4382303
43.5443321;1.4383144
43.5443859;1.438004
43.5445598;1.4377498
43.5446343;1.437547
43.5446343;1.437547
43.5448628;1.4361012
43.5448628;1.4361012
43.5458437;1.437712
43.5473544;1.4384238
43.5541349;1.4387671
43.5564364;1.4393679
43.5576847;1.4391044
43.5576847;1.4391044
43.5614948;1.4383423
43.5647559;1.438112
43.568203;1.4387798
43.5697356;1.4386937
43.570111;1.4385827
43.5708044;1.4383262
43.5713459;1.4379784
43.5724771;1.4368446
43.5724771;1.4368446
43.5719262;1.4361076
43.5716138;1.4356645
43.5714045;1.4353084
43.5712197;1.4349108
43.5710735;1.4344836
43.5709602;1.4340345
43.570857;1.4334114
43.5707367;1.4323847
43.5707924;1.4309199
43.5707924;1.4309199
43.5713972;1.4307455
43.5726345;1.4306474
43.5751765;1.4296001
43.5774;1.4282207
43.5791965;1.4279928
43.5806107;1.4280342
43.5818724;1.4284701
43.5842584;1.4297828
43.5856619;1.4306373
43.5897788;1.4339733
43.5902478;1.4344564
43.5902478;1.4344564
43.5925659;1.4368676
43.5925659;1.4368676
43.5923094;1.4397676
43.5922826;1.4400802
43.592122;1.4420221
43.5921425;1.4423629
43.5921425;1.4423629
43.5924454;1.4435393
43.5925753;1.443953
43.5926725;1.4445117
43.5927138;1.4446331
43.5930282;1.4455578
43.5930074;1.4454966
43.5927655;1.4447853
43.5927484;1.444735
43.5927138;1.4446331
43.5926725;1.4445117
43.5930282;1.4455578
43.5931739;1.4459923
43.5931739;1.4459923
43.5932098;1.4460918
43.5933016;1.4463377
43.5938235;1.4477623
43.5938512;1.4478379
43.5938512;1.4478379
43.5940613;1.448417
43.5940613;1.448417
43.5940936;1.4484995
43.5943579;1.449221
43.5944856;1.4495803
43.5946952;1.4501703
43.5946952;1.4501703
43.5949534;1.4509053
43.5951245;1.4513909
43.5951668;1.4515244
43.5951853;1.451583
43.5951853;1.451583
43.5951505;1.4516405
43.59504;1.4518232
43.5950051;1.4518953
43.5949157;1.4520804
43.5948371;1.4523371
43.594827;1.4523777
43.594827;1.4523777
43.5948115;1.4525975
43.5948053;1.4527934
43.5948146;1.4530311
43.5948146;1.4530311
43.5948694;1.4532853
43.5949416;1.4534852
43.5950103;1.4536053
43.5950803;1.4537015
43.5950803;1.4537015
43.5952099;1.4538263
43.5953233;1.4539085
43.5954165;1.4539519
43.5955014;1.4539863
43.5955917;1.4540022
43.5957031;1.4540068
43.5958271;1.4539879
43.5959329;1.4539433
43.5959329;1.4539433
43.5962246;1.4536873
43.5963556;1.4535255
43.5963556;1.4535255
43.5963825;1.4536756
43.5964214;1.4538153
43.5971029;1.4557958
43.5971005;1.4558434
43.5970918;1.4558745
43.5970475;1.455908
43.5969458;1.4558909
43.5969458;1.4558909
43.5970429;1.4559457
43.5971126;1.455985
43.5972276;1.4560123
