43.5448628;1.4361012
43.5458437;1.437712
43.5473544;1.4384238
43.5541349;1.4387671
43.5564364;1.4393679
43.5576847;1.4391044
43.5576847;1.4391044
43.5614948;1.4383423
43.5647559;1.438112
43.568203;1.4387798
43.5697356;1.4386937
43.570111;1.4385827
43.5708044;1.4383262
43.5713459;1.4379784
43.5724771;1.4368446
43.5724771;1.4368446
43.5719262;1.4361076
43.5716138;1.4356645
43.5714045;1.4353084
43.5712197;1.4349108
43.5710735;1.4344836
43.5709602;1.4340345
43.570857;1.4334114
43.5707367;1.4323847
43.5707924;1.4309199
43.5707924;1.4309199
43.5713972;1.4307455
43.5726345;1.4306474
43.5751765;1.4296001
43.5774;1.4282207
43.5791965;1.4279928
43.5806107;1.4280342
43.5818724;1.4284701
43.5842584;1.4297828
43.5856619;1.4306373
43.5897788;1.4339733
43.5902478;1.4344564
43.5902478;1.4344564
43.5925659;1.4368676
43.5925659;1.4368676
43.5936951;1.4380074
43.5936951;1.4380074
43.5953582;1.4391805
43.5953582;1.4391805
43.5966645;1.4392267
43.5979889;1.4392532
43.5991147;1.4390743
43.5997625;1.4387234
43.6002259;1.4383615
43.6007169;1.4378008
43.6015001;1.4364759
43.6022883;1.4348581
43.6022883;1.4348581
43.6023827;1.4345816
43.6024719;1.4340647
43.6025208;1.4335982
43.6025208;1.4335982
43.6026326;1.4325322
43.6027658;1.4304049
43.6028645;1.4296478
43.6030449;1.4282647
43.6034657;1.4261079
43.604154;1.42265
43.6046359;1.4205409
43.6046359;1.4205409
43.6049579;1.4193695
43.6054256;1.4181063
43.6070185;1.4151396
43.6075556;1.4143037
43.6090633;1.4119573
43.6090633;1.4119573
43.6083736;1.4103938
43.6081869;1.4099913
43.6075533;1.4085904
43.6069374;1.4071936
43.6065081;1.4062049
43.605876;1.4048142
43.6055143;1.4040651
43.605163;1.4033586
43.6047234;1.4025038
43.6043265;1.4017892
43.6041971;1.4015751
43.6041971;1.4015751
43.6039633;1.4011882
43.6034709;1.4004817
43.6031151;1.4000574
43.6026534;1.3995438
43.6020683;1.3989672
43.601642;1.3986342
43.6009936;1.3981774
43.6004041;1.3978363
43.5996822;1.3975176
43.5991397;1.3973166
43.5984089;1.3971237
43.5976209;1.3970283
43.5968798;1.3970141
43.5961314;1.3970953
43.5953492;1.3972801
43.594317;1.3976252
43.5932716;1.398082
43.5919541;1.3987012
43.5910204;1.3991418
43.5898514;1.3997245
43.5887338;1.4003213
43.5876544;1.400971
43.5866736;1.4016004
43.5856045;1.4022866
43.5852606;1.402505
43.5852606;1.402505
43.5845559;1.4029525
43.5834927;1.4036408
43.5824618;1.4043006
43.5814338;1.4049645
43.5804087;1.4056283
43.5793556;1.4063044
43.5778364;1.4072728
43.5768362;1.4078819
43.5758993;1.4084503
43.574955;1.409033
43.5739666;1.4096705
43.5729105;1.4103588
43.5725312;1.4106367
43.5725312;1.4106367
43.5718074;1.4111668
43.5710528;1.4117515
43.5705585;1.4122387
43.5702011;1.4126691
43.569926;1.413061
43.5696348;1.4137249
43.5693494;1.4143928
43.5691661;1.4149454
43.5691201;1.4155561
43.5691977;1.4161667
43.5694017;1.416829
43.5695108;1.4174475
43.569462;1.4181652
43.5692092;1.4188512
43.5688156;1.4192716
43.5683329;1.4195293
43.5678387;1.4196364
43.567244;1.4196007
43.567244;1.4196007
43.5665746;1.4194341
43.5651926;1.4190257
43.5642128;1.4187125
43.5634945;1.4184151
43.5628796;1.4180225
43.5622331;1.4174991
43.5615753;1.4168603
43.5590026;1.4142395
43.5564344;1.411724
43.5544183;1.4098653
43.5515356;1.4074056
43.5497978;1.4058195
43.5480285;1.4041404
43.5462726;1.4023684
43.544521;1.4004275
43.544521;1.4004275
43.5436291;1.4016818
43.5451455;1.403218
43.5437002;1.4053265
43.549102;1.4105801
43.5469157;1.415707
43.545968;1.418552
43.5447396;1.4215509
43.5438815;1.4233539
43.5449478;1.4246728
43.5452772;1.425374
43.5460763;1.4275969
43.5460074;1.4277915
43.5461794;1.4281759
43.5460623;1.4284873
43.5461069;1.4285891
43.5461069;1.4285891
43.546134;1.4286506
43.545934;1.4298026
43.5458805;1.4301104
43.5455699;1.4318989
43.5450912;1.4346554
43.5450912;1.4346554
43.5448628;1.4361012
