43.5987072;1.4560015
43.5985973;1.456274
43.5987072;1.4560015
43.5984645;1.4559948
43.5979798;1.4559732
43.5977546;1.4559908
43.5975907;1.4560196
43.5975907;1.4560196
43.5972276;1.4560123
43.5972276;1.4560123
43.5971126;1.455985
43.5970429;1.4559457
43.5969458;1.4558909
43.5969458;1.4558909
43.5970475;1.455908
43.5970918;1.4558745
43.5971005;1.4558434
43.5971029;1.4557958
43.5964214;1.4538153
43.5963825;1.4536756
43.5963556;1.4535255
43.5963556;1.4535255
43.5962246;1.4536873
43.5959329;1.4539433
43.5959329;1.4539433
43.5958271;1.4539879
43.5957031;1.4540068
43.5955917;1.4540022
43.5955014;1.4539863
43.5954165;1.4539519
43.5953233;1.4539085
43.5952099;1.4538263
43.5950803;1.4537015
43.5950803;1.4537015
43.5950103;1.4536053
43.5949416;1.4534852
43.5948694;1.4532853
43.5948146;1.4530311
43.5948146;1.4530311
43.5948053;1.4527934
43.5948115;1.4525975
43.594827;1.4523777
43.594827;1.4523777
43.5948371;1.4523371
43.5949157;1.4520804
43.5950051;1.4518953
43.59504;1.4518232
43.5951505;1.4516405
43.5951853;1.451583
43.5951853;1.451583
43.5951668;1.4515244
43.5951245;1.4513909
43.5949534;1.4509053
43.5946952;1.4501703
43.5946952;1.4501703
43.5944856;1.4495803
43.5943579;1.449221
43.5940936;1.4484995
43.5940613;1.448417
43.5940613;1.448417
43.5938512;1.4478379
43.5938512;1.4478379
43.5938235;1.4477623
43.5933016;1.4463377
43.5932098;1.4460918
43.5931739;1.4459923
43.5931739;1.4459923
43.5930282;1.4455578
43.5930282;1.4455578
43.5930074;1.4454966
43.5927655;1.4447853
43.5927484;1.444735
43.5927138;1.4446331
43.5926725;1.4445117
43.5927138;1.4446331
43.5926725;1.4445117
43.5925753;1.443953
43.5924454;1.4435393
43.5921425;1.4423629
43.5921425;1.4423629
43.592122;1.4420221
43.5922826;1.4400802
43.5923094;1.4397676
43.5925659;1.4368676
43.5925659;1.4368676
43.5936951;1.4380074
43.5936951;1.4380074
43.5953582;1.4391805
43.5953582;1.4391805
43.5966645;1.4392267
43.5979889;1.4392532
43.5991147;1.4390743
43.5997625;1.4387234
43.6002259;1.4383615
43.6007169;1.4378008
43.6015001;1.4364759
43.6022883;1.4348581
43.6022883;1.4348581
43.6023827;1.4345816
43.6024719;1.4340647
43.6025208;1.4335982
43.6025208;1.4335982
43.6026326;1.4325322
43.6027658;1.4304049
43.6028645;1.4296478
43.6030449;1.4282647
43.6034657;1.4261079
43.604154;1.42265
43.6046359;1.4205409
43.6046359;1.4205409
43.6049579;1.4193695
43.6054256;1.4181063
43.6070185;1.4151396
43.6075556;1.4143037
43.6090633;1.4119573
43.6090633;1.4119573
43.6096052;1.4131838
43.6096052;1.4131838
43.6103436;1.4156412
43.6109684;1.4182399
43.6109684;1.4182399
43.6110128;1.4186115
43.6120966;1.4253964
43.6120966;1.4253964
43.6121441;1.425664
43.612193;1.4259503
43.612193;1.4259503
43.6127841;1.4286743
43.612926;1.429241
43.6131323;1.4299614
43.6133592;1.4306265
43.6136628;1.4313545
43.6140059;1.4320515
43.6148422;1.433391
43.6151488;1.4339417
43.6153822;1.4344249
43.615581;1.4349618
43.6157524;1.4356813
43.6157524;1.4356813
43.6158101;1.4359569
43.6158729;1.4362437
43.6158729;1.4362437
43.6159762;1.4367407
43.6160663;1.4372612
43.6160663;1.4372612
43.6161355;1.4376608
43.6161952;1.4381887
43.6162054;1.4386503
43.6161782;1.439058
43.6160854;1.439555
43.6159022;1.4401712
43.615566;1.4410529
43.6153257;1.4418909
43.6151496;1.4427125
43.6151083;1.4432288
43.6151118;1.4437123
43.6154413;1.4461637
43.6154818;1.4467843
43.6154555;1.4472087
43.6153812;1.4475622
43.6151052;1.4482195
43.6151052;1.4482195
43.6140201;1.4505592
43.6137519;1.4510744
43.6135805;1.4513385
43.613395;1.4515567
43.6131629;1.4517348
43.611751;1.4525266
43.6113952;1.4527036
43.6109512;1.4529195
43.6109512;1.4529195
43.6105558;1.4531097
43.6105558;1.4531097
43.6103567;1.453219
43.6100842;1.453363
43.6098848;1.4535332
43.6097484;1.4536797
43.609599;1.453863
43.6093821;1.454146
43.6093821;1.454146
43.6090352;1.4545986
43.6089023;1.4547342
43.6087587;1.4548562
43.6079113;1.4553507
43.6065773;1.456101
43.6054349;1.4567621
43.6051608;1.4568738
43.6049641;1.4569105
43.6047065;1.4569251
43.6026257;1.4568782
43.6021595;1.4568224
43.601641;1.4566797
43.6015145;1.4566148
43.6012376;1.4564726
43.6008095;1.4563257
43.6008095;1.4563257
43.6007793;1.4563154
43.6003025;1.4562538
43.59894;1.4562733
43.5985973;1.456274
